# Measuring Scanner Data
# 
# Format Information:
# <distance> <rotation> <shift>
# Distance to Center: 0.2554

0.2187 0.0 0.0
0.2187 0.0 0.001
0.2244 0.0 0.002
0.2244 0.0 0.003
0.2252 0.0 0.004
0.2252 0.0 0.0050000004
0.2259 0.0 0.006
0.2259 0.0 0.007
0.2259 0.0 0.008
0.2259 0.0 0.009000001
0.2257 0.0 0.010000001
0.2257 0.0 0.011000001
0.2259 0.0 0.012
0.2259 0.0 0.013
0.2256 0.0 0.014
0.2256 0.0 0.015000001
0.2258 0.0 0.016
0.2258 0.0 0.017
0.2259 0.0 0.018000001
0.2259 0.0 0.019000001
0.2259 0.0 0.020000001
0.2259 0.0 0.021000002
0.226 0.0 0.022000002
0.226 0.0 0.023000002
0.226 0.0 0.024
0.2263 0.0 0.025
0.2263 0.0 0.026
0.226 0.0 0.027
0.226 0.0 0.028
0.2262 0.0 0.029000001
0.2262 0.0 0.030000001
0.2261 0.0 0.031000001
0.2261 0.0 0.032
0.2262 0.0 0.033
0.2262 0.0 0.034
0.2269 0.0 0.035
0.8658 0.0 0.036000002
0.8712 0.0 0.037
0.8718 0.0 0.038000003
0.8716 0.0 0.039
0.8718 0.0 0.040000003
0.872 0.0 0.041
0.872 0.0 0.042000003
0.8721 0.0 0.043
0.8722 0.0 0.044000003
0.872 0.0 0.045
0.8721 0.0 0.046000004
0.8721 0.0 0.047000002
0.8721 0.0 0.048
0.8719 0.0 0.049000002
0.8721 8.0 0.05
0.8721 8.0 0.049000002
0.8722 8.0 0.048
0.872 8.0 0.047000002
0.8719 8.0 0.046000004
0.8719 8.0 0.045
0.8721 8.0 0.044000003
0.8718 8.0 0.043
0.8721 8.0 0.042000003
0.8717 8.0 0.041
0.8719 8.0 0.040000003
0.872 8.0 0.039
0.8717 8.0 0.038000003
0.857 8.0 0.037
0.857 8.0 0.036000002
0.2268 8.0 0.035
0.2268 8.0 0.034
0.2265 8.0 0.033
0.2267 8.0 0.032
0.2267 8.0 0.031000001
0.2265 8.0 0.030000001
0.2265 8.0 0.029000001
0.2267 8.0 0.028
0.2267 8.0 0.027
0.2261 8.0 0.026
0.2261 8.0 0.025
0.2264 8.0 0.024
0.2264 8.0 0.023000002
0.2268 8.0 0.022000002
0.2268 8.0 0.021000002
0.2265 8.0 0.020000001
0.2265 8.0 0.019000001
0.2263 8.0 0.018000001
0.2263 8.0 0.017
0.2262 8.0 0.016
0.2262 8.0 0.015000001
0.2264 8.0 0.014
0.2264 8.0 0.013
0.226 8.0 0.012
0.226 8.0 0.011000001
0.2262 8.0 0.010000001
0.2262 8.0 0.009000001
0.2263 8.0 0.008
0.2263 8.0 0.007
0.2262 8.0 0.006
0.2262 8.0 0.0050000004
0.2258 8.0 0.004
0.2258 8.0 0.003
0.2248 8.0 0.002
0.2207 8.0 0.001
0.2214 16.0 0.0
0.2221 16.0 0.001
0.2253 16.0 0.002
0.2253 16.0 0.003
0.2259 16.0 0.004
0.2266 16.0 0.0050000004
0.2266 16.0 0.006
0.2271 16.0 0.007
0.2271 16.0 0.008
0.2273 16.0 0.009000001
0.2273 16.0 0.010000001
0.2273 16.0 0.011000001
0.2266 16.0 0.012
0.2266 16.0 0.013
0.2267 16.0 0.014
0.2267 16.0 0.015000001
0.2264 16.0 0.016
0.2264 16.0 0.017
0.2269 16.0 0.018000001
0.2269 16.0 0.019000001
0.2274 16.0 0.020000001
0.2274 16.0 0.021000002
0.2265 16.0 0.022000002
0.2265 16.0 0.023000002
0.2269 16.0 0.024
0.2269 16.0 0.025
0.2266 16.0 0.026
0.2266 16.0 0.027
0.227 16.0 0.028
0.2267 16.0 0.029000001
0.2267 16.0 0.030000001
0.2268 16.0 0.031000001
0.2268 16.0 0.032
0.2268 16.0 0.033
0.2268 16.0 0.034
0.229 16.0 0.035
0.229 16.0 0.036000002
0.8714 16.0 0.037
0.8722 16.0 0.038000003
0.8719 16.0 0.039
0.8718 16.0 0.040000003
0.872 16.0 0.041
0.8718 16.0 0.042000003
0.8721 16.0 0.043
0.8722 16.0 0.044000003
0.872 16.0 0.045
0.872 16.0 0.046000004
0.8722 16.0 0.047000002
0.8722 16.0 0.048
0.8722 24.0 0.05
0.8721 24.0 0.049000002
0.8721 24.0 0.048
0.8722 24.0 0.047000002
0.872 24.0 0.046000004
0.8722 24.0 0.045
0.8722 24.0 0.044000003
0.872 24.0 0.043
0.872 24.0 0.042000003
0.8716 24.0 0.041
0.8719 24.0 0.040000003
0.8719 24.0 0.039
0.8714 24.0 0.038000003
0.8675 24.0 0.037
0.8675 24.0 0.036000002
0.8675 24.0 0.035
0.8675 24.0 0.034
0.2273 24.0 0.033
0.2275 24.0 0.032
0.2275 24.0 0.031000001
0.2276 24.0 0.030000001
0.2276 24.0 0.029000001
0.2276 24.0 0.028
0.2276 24.0 0.027
0.2271 24.0 0.026
0.2271 24.0 0.025
0.2272 24.0 0.024
0.2272 24.0 0.023000002
0.2273 24.0 0.022000002
0.2273 24.0 0.021000002
0.2276 24.0 0.020000001
0.2276 24.0 0.019000001
0.2275 24.0 0.018000001
0.2275 24.0 0.017
0.2276 24.0 0.016
0.2276 24.0 0.015000001
0.227 24.0 0.014
0.227 24.0 0.013
0.2273 24.0 0.012
0.2273 24.0 0.011000001
0.2272 24.0 0.010000001
0.2279 24.0 0.009000001
0.2279 24.0 0.008
0.2276 24.0 0.007
0.2276 24.0 0.006
0.2271 24.0 0.0050000004
0.2271 24.0 0.004
0.2264 24.0 0.003
0.2264 24.0 0.002
0.2223 24.0 0.001
0.2217 32.0 0.0
0.2236 32.0 0.001
0.2236 32.0 0.002
0.2266 32.0 0.003
0.2269 32.0 0.004
0.2269 32.0 0.0050000004
0.2269 32.0 0.006
0.2277 32.0 0.007
0.228 32.0 0.008
0.228 32.0 0.009000001
0.2278 32.0 0.010000001
0.2278 32.0 0.011000001
0.2279 32.0 0.012
0.2279 32.0 0.013
0.2279 32.0 0.014
0.2281 32.0 0.015000001
0.2281 32.0 0.016
0.228 32.0 0.017
0.228 32.0 0.018000001
0.2283 32.0 0.019000001
0.2283 32.0 0.020000001
0.2277 32.0 0.021000002
0.2277 32.0 0.022000002
0.2277 32.0 0.023000002
0.2282 32.0 0.024
0.2282 32.0 0.025
0.2277 32.0 0.026
0.2277 32.0 0.027
0.2279 32.0 0.028
0.2279 32.0 0.029000001
0.2281 32.0 0.030000001
0.2281 32.0 0.031000001
0.2276 32.0 0.032
0.2276 32.0 0.033
0.2271 32.0 0.034
0.2271 32.0 0.035
0.2271 32.0 0.036000002
0.871 32.0 0.037
0.8719 32.0 0.038000003
0.8716 32.0 0.039
0.8718 32.0 0.040000003
0.8718 32.0 0.041
0.872 32.0 0.042000003
0.8724 32.0 0.043
0.8719 32.0 0.044000003
0.8718 32.0 0.045
0.8722 32.0 0.046000004
0.872 32.0 0.047000002
0.8722 32.0 0.048
0.8722 32.0 0.049000002
0.8721 40.0 0.05
0.8721 40.0 0.049000002
0.872 40.0 0.048
0.8719 40.0 0.047000002
0.8717 40.0 0.046000004
0.8722 40.0 0.045
0.8723 40.0 0.044000003
0.8721 40.0 0.043
0.8721 40.0 0.042000003
0.8715 40.0 0.041
0.8717 40.0 0.040000003
0.8719 40.0 0.039
0.8717 40.0 0.038000003
0.844 40.0 0.037
0.844 40.0 0.036000002
0.2278 40.0 0.035
0.2278 40.0 0.034
0.2287 40.0 0.033
0.2287 40.0 0.032
0.228 40.0 0.031000001
0.228 40.0 0.030000001
0.2281 40.0 0.029000001
0.2281 40.0 0.028
0.2285 40.0 0.027
0.2285 40.0 0.026
0.2282 40.0 0.025
0.2282 40.0 0.024
0.228 40.0 0.023000002
0.228 40.0 0.022000002
0.2283 40.0 0.021000002
0.2283 40.0 0.020000001
0.2283 40.0 0.019000001
0.2283 40.0 0.018000001
0.2285 40.0 0.017
0.2285 40.0 0.016
0.2275 40.0 0.015000001
0.2275 40.0 0.014
0.2286 40.0 0.013
0.2286 40.0 0.012
0.2282 40.0 0.011000001
0.2282 40.0 0.010000001
0.2279 40.0 0.009000001
0.2279 40.0 0.008
0.2287 40.0 0.007
0.2287 40.0 0.006
0.2278 40.0 0.0050000004
0.2278 40.0 0.004
0.2272 40.0 0.003
0.2223 40.0 0.002
0.2185 48.0 0.0
0.2223 48.0 0.001
0.2223 48.0 0.002
0.2274 48.0 0.003
0.2274 48.0 0.004
0.2284 48.0 0.0050000004
0.2284 48.0 0.006
0.2284 48.0 0.007
0.2284 48.0 0.008
0.2286 48.0 0.009000001
0.2285 48.0 0.010000001
0.2285 48.0 0.011000001
0.2283 48.0 0.012
0.2283 48.0 0.013
0.2289 48.0 0.014
0.2289 48.0 0.015000001
0.2285 48.0 0.016
0.2285 48.0 0.017
0.2284 48.0 0.018000001
0.2284 48.0 0.019000001
0.2286 48.0 0.020000001
0.2286 48.0 0.021000002
0.2287 48.0 0.022000002
0.2287 48.0 0.023000002
0.2287 48.0 0.024
0.2287 48.0 0.025
0.2286 48.0 0.026
0.2286 48.0 0.027
0.2288 48.0 0.028
0.2288 48.0 0.029000001
0.2284 48.0 0.030000001
0.2284 48.0 0.031000001
0.2284 48.0 0.032
0.2283 48.0 0.033
0.2283 48.0 0.034
0.2282 48.0 0.035
0.8623 48.0 0.036000002
0.8712 48.0 0.037
0.8719 48.0 0.038000003
0.8716 48.0 0.039
0.8719 48.0 0.040000003
0.8717 48.0 0.041
0.8721 48.0 0.042000003
0.8721 48.0 0.043
0.8725 48.0 0.044000003
0.8719 48.0 0.045
0.872 48.0 0.046000004
0.872 48.0 0.047000002
0.8722 48.0 0.048
0.8721 56.0 0.05
0.872 56.0 0.049000002
0.872 56.0 0.048
0.872 56.0 0.047000002
0.8718 56.0 0.046000004
0.8721 56.0 0.045
0.872 56.0 0.044000003
0.8721 56.0 0.043
0.8719 56.0 0.042000003
0.8717 56.0 0.041
0.8717 56.0 0.040000003
0.8718 56.0 0.039
0.8709 56.0 0.038000003
0.8643 56.0 0.037
0.2338 56.0 0.036000002
0.2338 56.0 0.035
0.2287 56.0 0.034
0.2287 56.0 0.033
0.2288 56.0 0.032
0.2285 56.0 0.031000001
0.2285 56.0 0.030000001
0.2285 56.0 0.029000001
0.2285 56.0 0.028
0.2285 56.0 0.027
0.2285 56.0 0.026
0.2286 56.0 0.025
0.2286 56.0 0.024
0.2291 56.0 0.023000002
0.2291 56.0 0.022000002
0.229 56.0 0.021000002
0.229 56.0 0.020000001
0.2291 56.0 0.019000001
0.2291 56.0 0.018000001
0.229 56.0 0.017
0.2291 56.0 0.016
0.2291 56.0 0.015000001
0.2289 56.0 0.014
0.2289 56.0 0.013
0.229 56.0 0.012
0.229 56.0 0.011000001
0.2285 56.0 0.010000001
0.2285 56.0 0.009000001
0.2293 56.0 0.008
0.229 56.0 0.007
0.229 56.0 0.006
0.229 56.0 0.0050000004
0.229 56.0 0.004
0.2279 56.0 0.003
0.2256 56.0 0.002
0.2144 56.0 0.001
0.215 64.0 0.0
0.2274 64.0 0.001
0.2274 64.0 0.002
0.2285 64.0 0.003
0.2287 64.0 0.004
0.2287 64.0 0.0050000004
0.2293 64.0 0.006
0.2293 64.0 0.007
0.2293 64.0 0.008
0.2293 64.0 0.009000001
0.2295 64.0 0.010000001
0.2295 64.0 0.011000001
0.2296 64.0 0.012
0.2291 64.0 0.013
0.2291 64.0 0.014
0.2299 64.0 0.015000001
0.2299 64.0 0.016
0.2292 64.0 0.017
0.2292 64.0 0.018000001
0.2294 64.0 0.019000001
0.2294 64.0 0.020000001
0.2294 64.0 0.021000002
0.2295 64.0 0.022000002
0.2295 64.0 0.023000002
0.2296 64.0 0.024
0.2296 64.0 0.025
0.2295 64.0 0.026
0.2295 64.0 0.027
0.2296 64.0 0.028
0.2298 64.0 0.029000001
0.2298 64.0 0.030000001
0.2293 64.0 0.031000001
0.2293 64.0 0.032
0.2292 64.0 0.033
0.2288 64.0 0.034
0.2288 64.0 0.035
0.868 64.0 0.036000002
0.8715 64.0 0.037
0.872 64.0 0.038000003
0.8718 64.0 0.039
0.8717 64.0 0.040000003
0.872 64.0 0.041
0.8719 64.0 0.042000003
0.8719 64.0 0.043
0.872 64.0 0.044000003
0.8719 64.0 0.045
0.8719 64.0 0.046000004
0.8721 64.0 0.047000002
0.8721 64.0 0.048
0.8723 72.0 0.05
0.872 72.0 0.049000002
0.8719 72.0 0.048
0.8717 72.0 0.047000002
0.8719 72.0 0.046000004
0.872 72.0 0.045
0.872 72.0 0.044000003
0.872 72.0 0.043
0.8718 72.0 0.042000003
0.8717 72.0 0.041
0.8717 72.0 0.040000003
0.8719 72.0 0.039
0.8719 72.0 0.038000003
0.8601 72.0 0.037
0.8601 72.0 0.036000002
0.2303 72.0 0.035
0.2303 72.0 0.034
0.2298 72.0 0.033
0.2298 72.0 0.032
0.2296 72.0 0.031000001
0.2296 72.0 0.030000001
0.2301 72.0 0.029000001
0.2301 72.0 0.028
0.2294 72.0 0.027
0.2294 72.0 0.026
0.23 72.0 0.025
0.23 72.0 0.024
0.2296 72.0 0.023000002
0.2296 72.0 0.022000002
0.2297 72.0 0.021000002
0.2297 72.0 0.020000001
0.2295 72.0 0.019000001
0.2295 72.0 0.018000001
0.23 72.0 0.017
0.2298 72.0 0.016
0.2298 72.0 0.015000001
0.2301 72.0 0.014
0.2301 72.0 0.013
0.2299 72.0 0.012
0.2299 72.0 0.011000001
0.2297 72.0 0.010000001
0.2297 72.0 0.009000001
0.2298 72.0 0.008
0.2297 72.0 0.007
0.2297 72.0 0.006
0.2299 72.0 0.0050000004
0.2299 72.0 0.004
0.229 72.0 0.003
0.227 72.0 0.002
0.2203 80.0 0.0
0.2221 80.0 0.001
0.2284 80.0 0.002
0.2293 80.0 0.003
0.2293 80.0 0.004
0.2304 80.0 0.0050000004
0.2304 80.0 0.006
0.2304 80.0 0.007
0.2304 80.0 0.008
0.2302 80.0 0.009000001
0.2302 80.0 0.010000001
0.2302 80.0 0.011000001
0.2302 80.0 0.012
0.2298 80.0 0.013
0.2298 80.0 0.014
0.2302 80.0 0.015000001
0.2302 80.0 0.016
0.23 80.0 0.017
0.23 80.0 0.018000001
0.2303 80.0 0.019000001
0.2299 80.0 0.020000001
0.2299 80.0 0.021000002
0.2302 80.0 0.022000002
0.2302 80.0 0.023000002
0.2301 80.0 0.024
0.2301 80.0 0.025
0.2298 80.0 0.026
0.2298 80.0 0.027
0.23 80.0 0.028
0.23 80.0 0.029000001
0.2293 80.0 0.030000001
0.2293 80.0 0.031000001
0.2299 80.0 0.032
0.2299 80.0 0.033
0.2298 80.0 0.034
0.2298 80.0 0.035
0.8629 80.0 0.036000002
0.8717 80.0 0.037
0.8719 80.0 0.038000003
0.8718 80.0 0.039
0.872 80.0 0.040000003
0.8719 80.0 0.041
0.8718 80.0 0.042000003
0.8719 80.0 0.043
0.872 80.0 0.044000003
0.8717 80.0 0.045
0.8721 80.0 0.046000004
0.8721 80.0 0.047000002
0.8722 80.0 0.048
0.8719 80.0 0.049000002
0.8723 88.0 0.05
0.8721 88.0 0.049000002
0.8721 88.0 0.048
0.872 88.0 0.047000002
0.8718 88.0 0.046000004
0.8721 88.0 0.045
0.872 88.0 0.044000003
0.872 88.0 0.043
0.872 88.0 0.042000003
0.8715 88.0 0.041
0.8716 88.0 0.040000003
0.8719 88.0 0.039
0.8717 88.0 0.038000003
0.8646 88.0 0.037
0.8646 88.0 0.036000002
0.2346 88.0 0.035
0.2346 88.0 0.034
0.2297 88.0 0.033
0.2297 88.0 0.032
0.2303 88.0 0.031000001
0.2303 88.0 0.030000001
0.2304 88.0 0.029000001
0.2304 88.0 0.028
0.2303 88.0 0.027
0.2303 88.0 0.026
0.2305 88.0 0.025
0.2305 88.0 0.024
0.2302 88.0 0.023000002
0.2302 88.0 0.022000002
0.2302 88.0 0.021000002
0.2302 88.0 0.020000001
0.2303 88.0 0.019000001
0.2303 88.0 0.018000001
0.2302 88.0 0.017
0.2302 88.0 0.016
0.2305 88.0 0.015000001
0.2305 88.0 0.014
0.2308 88.0 0.013
0.2308 88.0 0.012
0.2301 88.0 0.011000001
0.2301 88.0 0.010000001
0.2304 88.0 0.009000001
0.2304 88.0 0.008
0.2305 88.0 0.007
0.2305 88.0 0.006
0.2306 88.0 0.0050000004
0.2306 88.0 0.004
0.2299 88.0 0.003
0.2278 88.0 0.002
0.2247 96.0 0.0
0.2265 96.0 0.001
0.2296 96.0 0.002
0.2296 96.0 0.003
0.2303 96.0 0.004
0.2303 96.0 0.0050000004
0.231 96.0 0.006
0.231 96.0 0.007
0.2307 96.0 0.008
0.2307 96.0 0.009000001
0.2306 96.0 0.010000001
0.2306 96.0 0.011000001
0.2305 96.0 0.012
0.2305 96.0 0.013
0.2304 96.0 0.014
0.2304 96.0 0.015000001
0.2309 96.0 0.016
0.2309 96.0 0.017
0.2306 96.0 0.018000001
0.2306 96.0 0.019000001
0.2305 96.0 0.020000001
0.2305 96.0 0.021000002
0.2303 96.0 0.022000002
0.2303 96.0 0.023000002
0.2306 96.0 0.024
0.2306 96.0 0.025
0.2306 96.0 0.026
0.2306 96.0 0.027
0.2308 96.0 0.028
0.2308 96.0 0.029000001
0.2304 96.0 0.030000001
0.2304 96.0 0.031000001
0.2304 96.0 0.032
0.2304 96.0 0.033
0.2305 96.0 0.034
0.2305 96.0 0.035
0.8622 96.0 0.036000002
0.8716 96.0 0.037
0.872 96.0 0.038000003
0.8718 96.0 0.039
0.8717 96.0 0.040000003
0.8718 96.0 0.041
0.872 96.0 0.042000003
0.8719 96.0 0.043
0.8722 96.0 0.044000003
0.872 96.0 0.045
0.872 96.0 0.046000004
0.8723 96.0 0.047000002
0.8721 96.0 0.048
0.8718 96.0 0.049000002
0.8721 104.0 0.05
0.872 104.0 0.049000002
0.8718 104.0 0.048
0.8719 104.0 0.047000002
0.8717 104.0 0.046000004
0.872 104.0 0.045
0.8719 104.0 0.044000003
0.872 104.0 0.043
0.8719 104.0 0.042000003
0.8717 104.0 0.041
0.8716 104.0 0.040000003
0.8718 104.0 0.039
0.8714 104.0 0.038000003
0.8703 104.0 0.037
0.8555 104.0 0.036000002
0.23 104.0 0.035
0.23 104.0 0.034
0.23 104.0 0.033
0.2302 104.0 0.032
0.2302 104.0 0.031000001
0.2308 104.0 0.030000001
0.2308 104.0 0.029000001
0.2305 104.0 0.028
0.2305 104.0 0.027
0.2304 104.0 0.026
0.2304 104.0 0.025
0.2309 104.0 0.024
0.2309 104.0 0.023000002
0.2309 104.0 0.022000002
0.2308 104.0 0.021000002
0.2308 104.0 0.020000001
0.2304 104.0 0.019000001
0.2304 104.0 0.018000001
0.2306 104.0 0.017
0.2306 104.0 0.016
0.231 104.0 0.015000001
0.231 104.0 0.014
0.2311 104.0 0.013
0.2311 104.0 0.012
0.2311 104.0 0.011000001
0.2311 104.0 0.010000001
0.2311 104.0 0.009000001
0.2309 104.0 0.008
0.2309 104.0 0.007
0.2311 104.0 0.006
0.2311 104.0 0.0050000004
0.2306 104.0 0.004
0.2306 104.0 0.003
0.2294 104.0 0.002
0.2256 104.0 0.001
0.2263 112.0 0.0
0.2276 112.0 0.001
0.2276 112.0 0.002
0.2299 112.0 0.003
0.2299 112.0 0.004
0.2308 112.0 0.0050000004
0.2308 112.0 0.006
0.2303 112.0 0.007
0.2303 112.0 0.008
0.2306 112.0 0.009000001
0.2306 112.0 0.010000001
0.2306 112.0 0.011000001
0.2306 112.0 0.012
0.2306 112.0 0.013
0.231 112.0 0.014
0.231 112.0 0.015000001
0.2312 112.0 0.016
0.2312 112.0 0.017
0.2305 112.0 0.018000001
0.2305 112.0 0.019000001
0.2305 112.0 0.020000001
0.2303 112.0 0.021000002
0.2303 112.0 0.022000002
0.2304 112.0 0.023000002
0.2304 112.0 0.024
0.2305 112.0 0.025
0.2305 112.0 0.026
0.2304 112.0 0.027
0.2304 112.0 0.028
0.2304 112.0 0.029000001
0.2308 112.0 0.030000001
0.2308 112.0 0.031000001
0.2304 112.0 0.032
0.2304 112.0 0.033
0.2296 112.0 0.034
0.2296 112.0 0.035
0.2296 112.0 0.036000002
0.8719 112.0 0.037
0.8718 112.0 0.038000003
0.8718 112.0 0.039
0.8719 112.0 0.040000003
0.8719 112.0 0.041
0.872 112.0 0.042000003
0.8718 112.0 0.043
0.8721 112.0 0.044000003
0.8716 112.0 0.045
0.872 112.0 0.046000004
0.872 112.0 0.047000002
0.8722 112.0 0.048
0.872 120.0 0.05
0.8721 120.0 0.049000002
0.872 120.0 0.048
0.8721 120.0 0.047000002
0.8721 120.0 0.046000004
0.8719 120.0 0.045
0.8719 120.0 0.044000003
0.8719 120.0 0.043
0.8718 120.0 0.042000003
0.8718 120.0 0.041
0.8719 120.0 0.040000003
0.8719 120.0 0.039
0.8716 120.0 0.038000003
0.8611 120.0 0.037
0.8611 120.0 0.036000002
0.2301 120.0 0.035
0.2301 120.0 0.034
0.2301 120.0 0.033
0.2302 120.0 0.032
0.2302 120.0 0.031000001
0.2306 120.0 0.030000001
0.2306 120.0 0.029000001
0.2306 120.0 0.028
0.2309 120.0 0.027
0.2309 120.0 0.026
0.2307 120.0 0.025
0.2307 120.0 0.024
0.2306 120.0 0.023000002
0.2306 120.0 0.022000002
0.2306 120.0 0.021000002
0.2311 120.0 0.020000001
0.2311 120.0 0.019000001
0.2308 120.0 0.018000001
0.2308 120.0 0.017
0.2307 120.0 0.016
0.2307 120.0 0.015000001
0.2307 120.0 0.014
0.2306 120.0 0.013
0.2306 120.0 0.012
0.2308 120.0 0.011000001
0.2308 120.0 0.010000001
0.2305 120.0 0.009000001
0.2305 120.0 0.008
0.2306 120.0 0.007
0.2306 120.0 0.006
0.2304 120.0 0.0050000004
0.2304 120.0 0.004
0.2304 120.0 0.003
0.23 120.0 0.002
0.2261 120.0 0.001
0.2253 128.0 0.0
0.2263 128.0 0.001
0.2263 128.0 0.002
0.2293 128.0 0.003
0.2293 128.0 0.004
0.2306 128.0 0.0050000004
0.2306 128.0 0.006
0.2306 128.0 0.007
0.2305 128.0 0.008
0.2305 128.0 0.009000001
0.2301 128.0 0.010000001
0.2301 128.0 0.011000001
0.2307 128.0 0.012
0.2307 128.0 0.013
0.2307 128.0 0.014
0.2305 128.0 0.015000001
0.2305 128.0 0.016
0.2307 128.0 0.017
0.2307 128.0 0.018000001
0.2302 128.0 0.019000001
0.2302 128.0 0.020000001
0.2302 128.0 0.021000002
0.2299 128.0 0.022000002
0.2299 128.0 0.023000002
0.2302 128.0 0.024
0.2302 128.0 0.025
0.2308 128.0 0.026
0.2308 128.0 0.027
0.2308 128.0 0.028
0.2302 128.0 0.029000001
0.2302 128.0 0.030000001
0.2302 128.0 0.031000001
0.2302 128.0 0.032
0.2305 128.0 0.033
0.2305 128.0 0.034
0.2305 128.0 0.035
0.2305 128.0 0.036000002
0.8714 128.0 0.037
0.8717 128.0 0.038000003
0.8717 128.0 0.039
0.8717 128.0 0.040000003
0.8719 128.0 0.041
0.8721 128.0 0.042000003
0.8719 128.0 0.043
0.872 128.0 0.044000003
0.8719 128.0 0.045
0.8719 128.0 0.046000004
0.8721 128.0 0.047000002
0.8719 128.0 0.048
0.8717 128.0 0.049000002
0.872 136.0 0.05
0.872 136.0 0.049000002
0.8719 136.0 0.048
0.8719 136.0 0.047000002
0.8719 136.0 0.046000004
0.8721 136.0 0.045
0.8721 136.0 0.044000003
0.8718 136.0 0.043
0.8719 136.0 0.042000003
0.8717 136.0 0.041
0.8717 136.0 0.040000003
0.8719 136.0 0.039
0.8711 136.0 0.038000003
0.8647 136.0 0.037
0.8647 136.0 0.036000002
0.2316 136.0 0.035
0.2316 136.0 0.034
0.2305 136.0 0.033
0.2305 136.0 0.032
0.2305 136.0 0.031000001
0.2301 136.0 0.030000001
0.2301 136.0 0.029000001
0.2301 136.0 0.028
0.2301 136.0 0.027
0.2301 136.0 0.026
0.2304 136.0 0.025
0.2304 136.0 0.024
0.2299 136.0 0.023000002
0.2299 136.0 0.022000002
0.2299 136.0 0.021000002
0.2302 136.0 0.020000001
0.2302 136.0 0.019000001
0.2303 136.0 0.018000001
0.2303 136.0 0.017
0.2303 136.0 0.016
0.2303 136.0 0.015000001
0.2303 136.0 0.014
0.2307 136.0 0.013
0.2307 136.0 0.012
0.2307 136.0 0.011000001
0.2305 136.0 0.010000001
0.2305 136.0 0.009000001
0.2306 136.0 0.008
0.2306 136.0 0.007
0.2304 136.0 0.006
0.2304 136.0 0.0050000004
0.2304 136.0 0.004
0.2296 136.0 0.003
0.2296 136.0 0.002
0.2236 136.0 0.001
0.2207 144.0 0.0
0.2237 144.0 0.001
0.2237 144.0 0.002
0.2237 144.0 0.003
0.2295 144.0 0.004
0.2295 144.0 0.0050000004
0.2301 144.0 0.006
0.2301 144.0 0.007
0.2301 144.0 0.008
0.2305 144.0 0.009000001
0.2305 144.0 0.010000001
0.2299 144.0 0.011000001
0.2299 144.0 0.012
0.2299 144.0 0.013
0.2306 144.0 0.014
0.2306 144.0 0.015000001
0.2304 144.0 0.016
0.2304 144.0 0.017
0.2304 144.0 0.018000001
0.2301 144.0 0.019000001
0.2301 144.0 0.020000001
0.2298 144.0 0.021000002
0.2298 144.0 0.022000002
0.2298 144.0 0.023000002
0.2298 144.0 0.024
0.2298 144.0 0.025
0.2303 144.0 0.026
0.2303 144.0 0.027
0.2303 144.0 0.028
0.2304 144.0 0.029000001
0.2304 144.0 0.030000001
0.2302 144.0 0.031000001
0.2302 144.0 0.032
0.2302 144.0 0.033
0.2294 144.0 0.034
0.2294 144.0 0.035
0.2294 144.0 0.036000002
0.8713 144.0 0.037
0.872 144.0 0.038000003
0.8719 144.0 0.039
0.8718 144.0 0.040000003
0.8718 144.0 0.041
0.8719 144.0 0.042000003
0.8718 144.0 0.043
0.872 144.0 0.044000003
0.872 144.0 0.045
0.8719 144.0 0.046000004
0.872 144.0 0.047000002
0.8721 144.0 0.048
0.8721 152.0 0.05
0.8721 152.0 0.049000002
0.8721 152.0 0.048
0.8721 152.0 0.047000002
0.872 152.0 0.046000004
0.872 152.0 0.045
0.8721 152.0 0.044000003
0.8721 152.0 0.043
0.872 152.0 0.042000003
0.8718 152.0 0.041
0.8717 152.0 0.040000003
0.8719 152.0 0.039
0.8717 152.0 0.038000003
0.8698 152.0 0.037
0.753 152.0 0.036000002
0.753 152.0 0.035
0.753 152.0 0.034
0.2293 152.0 0.033
0.2293 152.0 0.032
0.2299 152.0 0.031000001
0.2299 152.0 0.030000001
0.2299 152.0 0.029000001
0.2295 152.0 0.028
0.2295 152.0 0.027
0.2298 152.0 0.026
0.2298 152.0 0.025
0.2298 152.0 0.024
0.2302 152.0 0.023000002
0.2302 152.0 0.022000002
0.2296 152.0 0.021000002
0.2296 152.0 0.020000001
0.2296 152.0 0.019000001
0.2302 152.0 0.018000001
0.2302 152.0 0.017
0.2299 152.0 0.016
0.2299 152.0 0.015000001
0.2299 152.0 0.014
0.23 152.0 0.013
0.23 152.0 0.012
0.23 152.0 0.011000001
0.2296 152.0 0.010000001
0.2296 152.0 0.009000001
0.2303 152.0 0.008
0.2303 152.0 0.007
0.2297 152.0 0.006
0.2297 152.0 0.0050000004
0.2297 152.0 0.004
0.2294 152.0 0.003
0.2294 152.0 0.002
0.2101 160.0 0.0
0.2168 160.0 0.001
0.2168 160.0 0.002
0.2285 160.0 0.003
0.2285 160.0 0.004
0.2285 160.0 0.0050000004
0.2298 160.0 0.006
0.2298 160.0 0.007
0.2295 160.0 0.008
0.2295 160.0 0.009000001
0.2295 160.0 0.010000001
0.2294 160.0 0.011000001
0.2294 160.0 0.012
0.2294 160.0 0.013
0.2294 160.0 0.014
0.2294 160.0 0.015000001
0.2296 160.0 0.016
0.2296 160.0 0.017
0.2297 160.0 0.018000001
0.2297 160.0 0.019000001
0.2297 160.0 0.020000001
0.2297 160.0 0.021000002
0.2297 160.0 0.022000002
0.2293 160.0 0.023000002
0.2293 160.0 0.024
0.2293 160.0 0.025
0.2298 160.0 0.026
0.2298 160.0 0.027
0.2296 160.0 0.028
0.2296 160.0 0.029000001
0.2296 160.0 0.030000001
0.2295 160.0 0.031000001
0.2295 160.0 0.032
0.2285 160.0 0.033
0.2285 160.0 0.034
0.2285 160.0 0.035
0.2285 160.0 0.036000002
0.8715 160.0 0.037
0.872 160.0 0.038000003
0.8716 160.0 0.039
0.8719 160.0 0.040000003
0.872 160.0 0.041
0.8719 160.0 0.042000003
0.8719 160.0 0.043
0.8721 160.0 0.044000003
0.872 160.0 0.045
0.8719 160.0 0.046000004
0.8721 160.0 0.047000002
0.872 160.0 0.048
0.8721 160.0 0.049000002
0.8722 168.0 0.05
0.8718 168.0 0.049000002
0.8721 168.0 0.048
0.8719 168.0 0.047000002
0.8717 168.0 0.046000004
0.8721 168.0 0.045
0.872 168.0 0.044000003
0.872 168.0 0.043
0.872 168.0 0.042000003
0.8715 168.0 0.041
0.8719 168.0 0.040000003
0.8718 168.0 0.039
0.8713 168.0 0.038000003
0.8674 168.0 0.037
0.8674 168.0 0.036000002
0.8674 168.0 0.035
0.8674 168.0 0.034
0.2283 168.0 0.033
0.2283 168.0 0.032
0.2289 168.0 0.031000001
0.2289 168.0 0.030000001
0.2289 168.0 0.029000001
0.2291 168.0 0.028
0.2291 168.0 0.027
0.2291 168.0 0.026
0.2291 168.0 0.025
0.2291 168.0 0.024
0.2294 168.0 0.023000002
0.2294 168.0 0.022000002
0.2294 168.0 0.021000002
0.2296 168.0 0.020000001
0.2296 168.0 0.019000001
0.2292 168.0 0.018000001
0.2292 168.0 0.017
0.2292 168.0 0.016
0.2292 168.0 0.015000001
0.2292 168.0 0.014
0.2292 168.0 0.013
0.229 168.0 0.012
0.229 168.0 0.011000001
0.2291 168.0 0.010000001
0.2291 168.0 0.009000001
0.2291 168.0 0.008
0.2292 168.0 0.007
0.2292 168.0 0.006
0.2292 168.0 0.0050000004
0.2294 168.0 0.004
0.2294 168.0 0.003
0.2227 168.0 0.002
0.2115 168.0 0.001
0.2153 176.0 0.0
0.2188 176.0 0.001
0.2188 176.0 0.002
0.228 176.0 0.003
0.228 176.0 0.004
0.228 176.0 0.0050000004
0.2287 176.0 0.006
0.2287 176.0 0.007
0.2296 176.0 0.008
0.2296 176.0 0.009000001
0.2296 176.0 0.010000001
0.2291 176.0 0.011000001
0.2291 176.0 0.012
0.2291 176.0 0.013
0.2288 176.0 0.014
0.2288 176.0 0.015000001
0.2288 176.0 0.016
0.2291 176.0 0.017
0.2291 176.0 0.018000001
0.2287 176.0 0.019000001
0.2287 176.0 0.020000001
0.2287 176.0 0.021000002
0.2288 176.0 0.022000002
0.2288 176.0 0.023000002
0.229 176.0 0.024
0.229 176.0 0.025
0.229 176.0 0.026
0.2282 176.0 0.027
0.2282 176.0 0.028
0.2282 176.0 0.029000001
0.2288 176.0 0.030000001
0.2288 176.0 0.031000001
0.2286 176.0 0.032
0.2286 176.0 0.033
0.2286 176.0 0.034
0.2285 176.0 0.035
0.8666 176.0 0.036000002
0.8716 176.0 0.037
0.8718 176.0 0.038000003
0.8716 176.0 0.039
0.8718 176.0 0.040000003
0.8718 176.0 0.041
0.8722 176.0 0.042000003
0.872 176.0 0.043
0.8721 176.0 0.044000003
0.8721 176.0 0.045
0.8718 176.0 0.046000004
0.8719 176.0 0.047000002
0.8721 176.0 0.048
0.8721 176.0 0.049000002
0.8722 184.0 0.05
0.872 184.0 0.049000002
0.8719 184.0 0.048
0.8719 184.0 0.047000002
0.8718 184.0 0.046000004
0.8721 184.0 0.045
0.8721 184.0 0.044000003
0.8719 184.0 0.043
0.872 184.0 0.042000003
0.8718 184.0 0.041
0.8716 184.0 0.040000003
0.8717 184.0 0.039
0.8713 184.0 0.038000003
0.8695 184.0 0.037
0.7179 184.0 0.036000002
0.7179 184.0 0.035
0.7179 184.0 0.034
0.2278 184.0 0.033
0.2278 184.0 0.032
0.2279 184.0 0.031000001
0.2279 184.0 0.030000001
0.2279 184.0 0.029000001
0.2283 184.0 0.028
0.2283 184.0 0.027
0.2283 184.0 0.026
0.2282 184.0 0.025
0.2282 184.0 0.024
0.2285 184.0 0.023000002
0.2285 184.0 0.022000002
0.2285 184.0 0.021000002
0.2283 184.0 0.020000001
0.2283 184.0 0.019000001
0.2283 184.0 0.018000001
0.2282 184.0 0.017
0.2282 184.0 0.016
0.2286 184.0 0.015000001
0.2286 184.0 0.014
0.2286 184.0 0.013
0.2283 184.0 0.012
0.2283 184.0 0.011000001
0.2282 184.0 0.010000001
0.2282 184.0 0.009000001
0.2282 184.0 0.008
0.2285 184.0 0.007
0.2285 184.0 0.006
0.2285 184.0 0.0050000004
0.2276 184.0 0.004
0.2276 184.0 0.003
0.2232 184.0 0.002
0.218 184.0 0.001
0.2193 192.0 0.0
0.2214 192.0 0.001
0.2214 192.0 0.002
0.2269 192.0 0.003
0.2269 192.0 0.004
0.2277 192.0 0.0050000004
0.2277 192.0 0.006
0.2277 192.0 0.007
0.2281 192.0 0.008
0.2281 192.0 0.009000001
0.2281 192.0 0.010000001
0.2278 192.0 0.011000001
0.2278 192.0 0.012
0.2282 192.0 0.013
0.2282 192.0 0.014
0.2282 192.0 0.015000001
0.2277 192.0 0.016
0.2277 192.0 0.017
0.2277 192.0 0.018000001
0.2279 192.0 0.019000001
0.2279 192.0 0.020000001
0.2284 192.0 0.021000002
0.2284 192.0 0.022000002
0.2284 192.0 0.023000002
0.228 192.0 0.024
0.228 192.0 0.025
0.2282 192.0 0.026
0.2282 192.0 0.027
0.2282 192.0 0.028
0.2282 192.0 0.029000001
0.2282 192.0 0.030000001
0.2282 192.0 0.031000001
0.2281 192.0 0.032
0.2281 192.0 0.033
0.2276 192.0 0.034
0.2276 192.0 0.035
0.2276 192.0 0.036000002
0.8718 192.0 0.037
0.8722 192.0 0.038000003
0.8718 192.0 0.039
0.8715 192.0 0.040000003
0.872 192.0 0.041
0.8719 192.0 0.042000003
0.8722 192.0 0.043
0.8719 192.0 0.044000003
0.872 192.0 0.045
0.8719 192.0 0.046000004
0.872 192.0 0.047000002
0.8721 192.0 0.048
0.8716 192.0 0.049000002
0.872 200.0 0.05
0.8722 200.0 0.049000002
0.8722 200.0 0.048
0.8717 200.0 0.047000002
0.872 200.0 0.046000004
0.8721 200.0 0.045
0.8721 200.0 0.044000003
0.8718 200.0 0.043
0.8718 200.0 0.042000003
0.8717 200.0 0.041
0.8716 200.0 0.040000003
0.872 200.0 0.039
0.8718 200.0 0.038000003
0.8637 200.0 0.037
0.8637 200.0 0.036000002
0.2282 200.0 0.035
0.2282 200.0 0.034
0.2282 200.0 0.033
0.2276 200.0 0.032
0.2276 200.0 0.031000001
0.228 200.0 0.030000001
0.228 200.0 0.029000001
0.228 200.0 0.028
0.2274 200.0 0.027
0.2274 200.0 0.026
0.2276 200.0 0.025
0.2276 200.0 0.024
0.2276 200.0 0.023000002
0.2278 200.0 0.022000002
0.2278 200.0 0.021000002
0.2278 200.0 0.020000001
0.228 200.0 0.019000001
0.228 200.0 0.018000001
0.228 200.0 0.017
0.2273 200.0 0.016
0.2273 200.0 0.015000001
0.2277 200.0 0.014
0.2277 200.0 0.013
0.2277 200.0 0.012
0.2277 200.0 0.011000001
0.2277 200.0 0.010000001
0.2277 200.0 0.009000001
0.2273 200.0 0.008
0.2273 200.0 0.007
0.2273 200.0 0.006
0.2277 200.0 0.0050000004
0.2277 200.0 0.004
0.2277 200.0 0.003
0.2262 200.0 0.002
0.2202 200.0 0.001
0.2205 208.0 0.0
0.2208 208.0 0.001
0.2255 208.0 0.002
0.2255 208.0 0.003
0.2255 208.0 0.004
0.2272 208.0 0.0050000004
0.2272 208.0 0.006
0.2272 208.0 0.007
0.2271 208.0 0.008
0.2271 208.0 0.009000001
0.227 208.0 0.010000001
0.227 208.0 0.011000001
0.227 208.0 0.012
0.227 208.0 0.013
0.227 208.0 0.014
0.227 208.0 0.015000001
0.2269 208.0 0.016
0.2269 208.0 0.017
0.2269 208.0 0.018000001
0.2269 208.0 0.019000001
0.2269 208.0 0.020000001
0.2268 208.0 0.021000002
0.2268 208.0 0.022000002
0.2268 208.0 0.023000002
0.2268 208.0 0.024
0.2268 208.0 0.025
0.2264 208.0 0.026
0.2264 208.0 0.027
0.2264 208.0 0.028
0.2272 208.0 0.029000001
0.2272 208.0 0.030000001
0.2269 208.0 0.031000001
0.2269 208.0 0.032
0.2269 208.0 0.033
0.2266 208.0 0.034
0.2266 208.0 0.035
0.2266 208.0 0.036000002
0.8717 208.0 0.037
0.8716 208.0 0.038000003
0.8716 208.0 0.039
0.8716 208.0 0.040000003
0.8719 208.0 0.041
0.872 208.0 0.042000003
0.8719 208.0 0.043
0.8721 208.0 0.044000003
0.8718 208.0 0.045
0.8718 208.0 0.046000004
0.8719 208.0 0.047000002
0.872 208.0 0.048
0.8721 216.0 0.05
0.8721 216.0 0.049000002
0.8719 216.0 0.048
0.8719 216.0 0.047000002
0.8718 216.0 0.046000004
0.872 216.0 0.045
0.872 216.0 0.044000003
0.872 216.0 0.043
0.8721 216.0 0.042000003
0.8718 216.0 0.041
0.8719 216.0 0.040000003
0.8717 216.0 0.039
0.8719 216.0 0.038000003
0.8708 216.0 0.037
0.8648 216.0 0.036000002
0.8648 216.0 0.035
0.2259 216.0 0.034
0.2259 216.0 0.033
0.2267 216.0 0.032
0.2267 216.0 0.031000001
0.2267 216.0 0.030000001
0.2267 216.0 0.029000001
0.2267 216.0 0.028
0.2263 216.0 0.027
0.2263 216.0 0.026
0.2263 216.0 0.025
0.2263 216.0 0.024
0.2263 216.0 0.023000002
0.2264 216.0 0.022000002
0.2264 216.0 0.021000002
0.2264 216.0 0.020000001
0.2264 216.0 0.019000001
0.2264 216.0 0.018000001
0.2262 216.0 0.017
0.2262 216.0 0.016
0.2262 216.0 0.015000001
0.2262 216.0 0.014
0.2262 216.0 0.013
0.2261 216.0 0.012
0.2261 216.0 0.011000001
0.2261 216.0 0.010000001
0.2265 216.0 0.009000001
0.2265 216.0 0.008
0.2265 216.0 0.007
0.2261 216.0 0.006
0.2261 216.0 0.0050000004
0.2253 216.0 0.004
0.2253 216.0 0.003
0.2253 216.0 0.002
0.2178 224.0 0.0
0.2178 224.0 0.001
0.2223 224.0 0.002
0.2223 224.0 0.003
0.2251 224.0 0.004
0.2251 224.0 0.0050000004
0.2251 224.0 0.006
0.2258 224.0 0.007
0.2258 224.0 0.008
0.2258 224.0 0.009000001
0.226 224.0 0.010000001
0.226 224.0 0.011000001
0.2257 224.0 0.012
0.2257 224.0 0.013
0.2257 224.0 0.014
0.2256 224.0 0.015000001
0.2256 224.0 0.016
0.2257 224.0 0.017
0.2257 224.0 0.018000001
0.2257 224.0 0.019000001
0.2264 224.0 0.020000001
0.2264 224.0 0.021000002
0.2257 224.0 0.022000002
0.2257 224.0 0.023000002
0.2257 224.0 0.024
0.2257 224.0 0.025
0.2257 224.0 0.026
0.2252 224.0 0.027
0.2252 224.0 0.028
0.2252 224.0 0.029000001
0.2256 224.0 0.030000001
0.2256 224.0 0.031000001
0.2256 224.0 0.032
0.2256 224.0 0.033
0.2256 224.0 0.034
0.2257 224.0 0.035
0.8686 224.0 0.036000002
0.8719 224.0 0.037
0.8717 224.0 0.038000003
0.8717 224.0 0.039
0.8718 224.0 0.040000003
0.872 224.0 0.041
0.8719 224.0 0.042000003
0.872 224.0 0.043
0.8719 224.0 0.044000003
0.8719 224.0 0.045
0.8718 224.0 0.046000004
0.872 224.0 0.047000002
0.8721 224.0 0.048
0.8719 232.0 0.05
0.8719 232.0 0.049000002
0.8721 232.0 0.048
0.872 232.0 0.047000002
0.8718 232.0 0.046000004
0.8719 232.0 0.045
0.872 232.0 0.044000003
0.8719 232.0 0.043
0.8717 232.0 0.042000003
0.8718 232.0 0.041
0.8718 232.0 0.040000003
0.8718 232.0 0.039
0.8716 232.0 0.038000003
0.8706 232.0 0.037
0.8623 232.0 0.036000002
0.8623 232.0 0.035
0.2246 232.0 0.034
0.2246 232.0 0.033
0.2251 232.0 0.032
0.2251 232.0 0.031000001
0.2252 232.0 0.030000001
0.2252 232.0 0.029000001
0.2252 232.0 0.028
0.2252 232.0 0.027
0.2252 232.0 0.026
0.2252 232.0 0.025
0.2252 232.0 0.024
0.2252 232.0 0.023000002
0.2254 232.0 0.022000002
0.2254 232.0 0.021000002
0.225 232.0 0.020000001
0.225 232.0 0.019000001
0.225 232.0 0.018000001
0.2253 232.0 0.017
0.2253 232.0 0.016
0.2253 232.0 0.015000001
0.2253 232.0 0.014
0.2253 232.0 0.013
0.225 232.0 0.012
0.225 232.0 0.011000001
0.225 232.0 0.010000001
0.2252 232.0 0.009000001
0.2252 232.0 0.008
0.2251 232.0 0.007
0.2251 232.0 0.006
0.2251 232.0 0.0050000004
0.2249 232.0 0.004
0.2249 232.0 0.003
0.2249 232.0 0.002
0.214 232.0 0.001
0.2096 240.0 0.0
0.2096 240.0 0.001
0.2195 240.0 0.002
0.2195 240.0 0.003
0.2245 240.0 0.004
0.2245 240.0 0.0050000004
0.2245 240.0 0.006
0.2249 240.0 0.007
0.2249 240.0 0.008
0.2249 240.0 0.009000001
0.225 240.0 0.010000001
0.225 240.0 0.011000001
0.2246 240.0 0.012
0.2246 240.0 0.013
0.225 240.0 0.014
0.225 240.0 0.015000001
0.225 240.0 0.016
0.225 240.0 0.017
0.225 240.0 0.018000001
0.225 240.0 0.019000001
0.2252 240.0 0.020000001
0.2252 240.0 0.021000002
0.2253 240.0 0.022000002
0.2253 240.0 0.023000002
0.2253 240.0 0.024
0.2251 240.0 0.025
0.2251 240.0 0.026
0.2247 240.0 0.027
0.2247 240.0 0.028
0.2249 240.0 0.029000001
0.2249 240.0 0.030000001
0.2249 240.0 0.031000001
0.225 240.0 0.032
0.225 240.0 0.033
0.2241 240.0 0.034
0.2241 240.0 0.035
0.2241 240.0 0.036000002
0.8717 240.0 0.037
0.872 240.0 0.038000003
0.8717 240.0 0.039
0.8718 240.0 0.040000003
0.8718 240.0 0.041
0.8717 240.0 0.042000003
0.872 240.0 0.043
0.8721 240.0 0.044000003
0.8718 240.0 0.045
0.872 240.0 0.046000004
0.8717 240.0 0.047000002
0.872 240.0 0.048
0.8719 240.0 0.049000002
0.872 248.0 0.05
0.872 248.0 0.049000002
0.8721 248.0 0.048
0.872 248.0 0.047000002
0.8719 248.0 0.046000004
0.872 248.0 0.045
0.8721 248.0 0.044000003
0.8718 248.0 0.043
0.8721 248.0 0.042000003
0.8718 248.0 0.041
0.8716 248.0 0.040000003
0.8719 248.0 0.039
0.8716 248.0 0.038000003
0.8707 248.0 0.037
0.8615 248.0 0.036000002
0.8615 248.0 0.035
0.2241 248.0 0.034
0.2241 248.0 0.033
0.2247 248.0 0.032
0.2247 248.0 0.031000001
0.2247 248.0 0.030000001
0.2244 248.0 0.029000001
0.2244 248.0 0.028
0.2247 248.0 0.027
0.2247 248.0 0.026
0.2243 248.0 0.025
0.2243 248.0 0.024
0.2245 248.0 0.023000002
0.2245 248.0 0.022000002
0.2245 248.0 0.021000002
0.2247 248.0 0.020000001
0.2247 248.0 0.019000001
0.2242 248.0 0.018000001
0.2242 248.0 0.017
0.2241 248.0 0.016
0.2241 248.0 0.015000001
0.2243 248.0 0.014
0.2243 248.0 0.013
0.2243 248.0 0.012
0.2246 248.0 0.011000001
0.2246 248.0 0.010000001
0.2252 248.0 0.009000001
0.2252 248.0 0.008
0.2245 248.0 0.007
0.2245 248.0 0.006
0.2245 248.0 0.0050000004
0.2239 248.0 0.004
0.2239 248.0 0.003
0.2239 248.0 0.002
0.2073 256.0 0.0
0.2073 256.0 0.001
0.2167 256.0 0.002
0.2167 256.0 0.003
0.224 256.0 0.004
0.224 256.0 0.0050000004
0.2244 256.0 0.006
0.2244 256.0 0.007
0.2244 256.0 0.008
0.2244 256.0 0.009000001
0.2244 256.0 0.010000001
0.2241 256.0 0.011000001
0.2241 256.0 0.012
0.224 256.0 0.013
0.224 256.0 0.014
0.2244 256.0 0.015000001
0.2244 256.0 0.016
0.2244 256.0 0.017
0.2247 256.0 0.018000001
0.2247 256.0 0.019000001
0.2245 256.0 0.020000001
0.2245 256.0 0.021000002
0.2243 256.0 0.022000002
0.2243 256.0 0.023000002
0.2238 256.0 0.024
0.2238 256.0 0.025
0.2238 256.0 0.026
0.2242 256.0 0.027
0.2242 256.0 0.028
0.2247 256.0 0.029000001
0.2247 256.0 0.030000001
0.2239 256.0 0.031000001
0.2239 256.0 0.032
0.2239 256.0 0.033
0.2242 256.0 0.034
0.2242 256.0 0.035
0.3886 256.0 0.036000002
0.8719 256.0 0.037
0.8719 256.0 0.038000003
0.8717 256.0 0.039
0.8716 256.0 0.040000003
0.8719 256.0 0.041
0.8719 256.0 0.042000003
0.872 256.0 0.043
0.872 256.0 0.044000003
0.8718 256.0 0.045
0.8722 256.0 0.046000004
0.8721 256.0 0.047000002
0.8719 256.0 0.048
0.872 264.0 0.05
0.8721 264.0 0.049000002
0.8719 264.0 0.048
0.872 264.0 0.047000002
0.8719 264.0 0.046000004
0.872 264.0 0.045
0.872 264.0 0.044000003
0.8718 264.0 0.043
0.8717 264.0 0.042000003
0.8716 264.0 0.041
0.8717 264.0 0.040000003
0.8719 264.0 0.039
0.8712 264.0 0.038000003
0.8694 264.0 0.037
0.8694 264.0 0.036000002
0.7171 264.0 0.035
0.7171 264.0 0.034
0.2242 264.0 0.033
0.2242 264.0 0.032
0.2238 264.0 0.031000001
0.2238 264.0 0.030000001
0.2239 264.0 0.029000001
0.2239 264.0 0.028
0.2239 264.0 0.027
0.2243 264.0 0.026
0.2243 264.0 0.025
0.2245 264.0 0.024
0.2245 264.0 0.023000002
0.2239 264.0 0.022000002
0.2239 264.0 0.021000002
0.2242 264.0 0.020000001
0.2242 264.0 0.019000001
0.2244 264.0 0.018000001
0.224 264.0 0.017
0.224 264.0 0.016
0.224 264.0 0.015000001
0.224 264.0 0.014
0.2238 264.0 0.013
0.2238 264.0 0.012
0.2238 264.0 0.011000001
0.2236 264.0 0.010000001
0.2236 264.0 0.009000001
0.2237 264.0 0.008
0.2237 264.0 0.007
0.2241 264.0 0.006
0.2241 264.0 0.0050000004
0.2237 264.0 0.004
0.2237 264.0 0.003
0.2155 264.0 0.002
0.2144 272.0 0.0
0.2161 272.0 0.001
0.2161 272.0 0.002
0.223 272.0 0.003
0.223 272.0 0.004
0.2244 272.0 0.0050000004
0.2244 272.0 0.006
0.2242 272.0 0.007
0.2242 272.0 0.008
0.2241 272.0 0.009000001
0.2241 272.0 0.010000001
0.2241 272.0 0.011000001
0.224 272.0 0.012
0.2241 272.0 0.013
0.2241 272.0 0.014
0.2239 272.0 0.015000001
0.2239 272.0 0.016
0.2244 272.0 0.017
0.2244 272.0 0.018000001
0.2243 272.0 0.019000001
0.2243 272.0 0.020000001
0.224 272.0 0.021000002
0.224 272.0 0.022000002
0.2237 272.0 0.023000002
0.2237 272.0 0.024
0.2241 272.0 0.025
0.2241 272.0 0.026
0.2239 272.0 0.027
0.2239 272.0 0.028
0.224 272.0 0.029000001
0.224 272.0 0.030000001
0.2243 272.0 0.031000001
0.2243 272.0 0.032
0.2243 272.0 0.033
0.2243 272.0 0.034
0.2239 272.0 0.035
0.8678 272.0 0.036000002
0.8717 272.0 0.037
0.8719 272.0 0.038000003
0.8719 272.0 0.039
0.8716 272.0 0.040000003
0.8717 272.0 0.041
0.8719 272.0 0.042000003
0.872 272.0 0.043
0.8719 272.0 0.044000003
0.8719 272.0 0.045
0.8718 272.0 0.046000004
0.8719 272.0 0.047000002
0.872 272.0 0.048
0.8722 280.0 0.05
0.872 280.0 0.049000002
0.872 280.0 0.048
0.8719 280.0 0.047000002
0.8719 280.0 0.046000004
0.8721 280.0 0.045
0.8721 280.0 0.044000003
0.8718 280.0 0.043
0.8718 280.0 0.042000003
0.8718 280.0 0.041
0.8718 280.0 0.040000003
0.8718 280.0 0.039
0.8716 280.0 0.038000003
0.8706 280.0 0.037
0.837 280.0 0.036000002
0.223 280.0 0.035
0.223 280.0 0.034
0.2243 280.0 0.033
0.2243 280.0 0.032
0.2239 280.0 0.031000001
0.2239 280.0 0.030000001
0.2244 280.0 0.029000001
0.2244 280.0 0.028
0.2238 280.0 0.027
0.2238 280.0 0.026
0.2239 280.0 0.025
0.2239 280.0 0.024
0.2241 280.0 0.023000002
0.2241 280.0 0.022000002
0.2242 280.0 0.021000002
0.2242 280.0 0.020000001
0.2243 280.0 0.019000001
0.2243 280.0 0.018000001
0.2237 280.0 0.017
0.224 280.0 0.016
0.224 280.0 0.015000001
0.2242 280.0 0.014
0.2242 280.0 0.013
0.2241 280.0 0.012
0.2241 280.0 0.011000001
0.2241 280.0 0.010000001
0.2241 280.0 0.009000001
0.2245 280.0 0.008
0.2245 280.0 0.007
0.2241 280.0 0.006
0.2241 280.0 0.0050000004
0.2235 280.0 0.004
0.2235 280.0 0.003
0.2197 280.0 0.002
0.2167 288.0 0.0
0.2194 288.0 0.001
0.2194 288.0 0.002
0.2232 288.0 0.003
0.2232 288.0 0.004
0.2247 288.0 0.0050000004
0.2247 288.0 0.006
0.2246 288.0 0.007
0.2246 288.0 0.008
0.2243 288.0 0.009000001
0.2243 288.0 0.010000001
0.2239 288.0 0.011000001
0.2239 288.0 0.012
0.2238 288.0 0.013
0.2238 288.0 0.014
0.2238 288.0 0.015000001
0.2244 288.0 0.016
0.2244 288.0 0.017
0.2244 288.0 0.018000001
0.2244 288.0 0.019000001
0.2245 288.0 0.020000001
0.2245 288.0 0.021000002
0.2242 288.0 0.022000002
0.2238 288.0 0.023000002
0.2238 288.0 0.024
0.2242 288.0 0.025
0.2242 288.0 0.026
0.2246 288.0 0.027
0.2246 288.0 0.028
0.2242 288.0 0.029000001
0.2242 288.0 0.030000001
0.2243 288.0 0.031000001
0.2243 288.0 0.032
0.2238 288.0 0.033
0.2238 288.0 0.034
0.2237 288.0 0.035
0.8622 288.0 0.036000002
0.8718 288.0 0.037
0.8718 288.0 0.038000003
0.8717 288.0 0.039
0.8717 288.0 0.040000003
0.872 288.0 0.041
0.8719 288.0 0.042000003
0.8721 288.0 0.043
0.872 288.0 0.044000003
0.8722 288.0 0.045
0.8719 288.0 0.046000004
0.872 288.0 0.047000002
0.8719 288.0 0.048
0.8717 288.0 0.049000002
0.8722 296.0 0.05
0.8721 296.0 0.049000002
0.872 296.0 0.048
0.8719 296.0 0.047000002
0.8718 296.0 0.046000004
0.8721 296.0 0.045
0.8721 296.0 0.044000003
0.8719 296.0 0.043
0.872 296.0 0.042000003
0.8717 296.0 0.041
0.8718 296.0 0.040000003
0.8719 296.0 0.039
0.8714 296.0 0.038000003
0.8698 296.0 0.037
0.7402 296.0 0.036000002
0.7402 296.0 0.035
0.2234 296.0 0.034
0.2234 296.0 0.033
0.224 296.0 0.032
0.224 296.0 0.031000001
0.2241 296.0 0.030000001
0.2241 296.0 0.029000001
0.2247 296.0 0.028
0.2247 296.0 0.027
0.2246 296.0 0.026
0.2246 296.0 0.025
0.2244 296.0 0.024
0.2244 296.0 0.023000002
0.2244 296.0 0.022000002
0.2242 296.0 0.021000002
0.2242 296.0 0.020000001
0.2242 296.0 0.019000001
0.2242 296.0 0.018000001
0.2246 296.0 0.017
0.2246 296.0 0.016
0.2243 296.0 0.015000001
0.2244 296.0 0.014
0.2244 296.0 0.013
0.2245 296.0 0.012
0.2245 296.0 0.011000001
0.2246 296.0 0.010000001
0.2246 296.0 0.009000001
0.2247 296.0 0.008
0.2247 296.0 0.007
0.2249 296.0 0.006
0.2249 296.0 0.0050000004
0.224 296.0 0.004
0.224 296.0 0.003
0.2223 296.0 0.002
0.2167 304.0 0.0
0.219 304.0 0.001
0.219 304.0 0.002
0.2237 304.0 0.003
0.2237 304.0 0.004
0.2248 304.0 0.0050000004
0.2248 304.0 0.006
0.2246 304.0 0.007
0.2246 304.0 0.008
0.2246 304.0 0.009000001
0.2248 304.0 0.010000001
0.2248 304.0 0.011000001
0.225 304.0 0.012
0.225 304.0 0.013
0.2243 304.0 0.014
0.2243 304.0 0.015000001
0.2248 304.0 0.016
0.2248 304.0 0.017
0.2246 304.0 0.018000001
0.2246 304.0 0.019000001
0.2248 304.0 0.020000001
0.2248 304.0 0.021000002
0.2242 304.0 0.022000002
0.2242 304.0 0.023000002
0.2249 304.0 0.024
0.2249 304.0 0.025
0.2249 304.0 0.026
0.2249 304.0 0.027
0.2246 304.0 0.028
0.2246 304.0 0.029000001
0.2246 304.0 0.030000001
0.2246 304.0 0.031000001
0.2244 304.0 0.032
0.2244 304.0 0.033
0.2244 304.0 0.034
0.224 304.0 0.035
0.8634 304.0 0.036000002
0.8719 304.0 0.037
0.8719 304.0 0.038000003
0.8716 304.0 0.039
0.8718 304.0 0.040000003
0.8719 304.0 0.041
0.8718 304.0 0.042000003
0.872 304.0 0.043
0.8722 304.0 0.044000003
0.872 304.0 0.045
0.8721 304.0 0.046000004
0.8718 304.0 0.047000002
0.8724 304.0 0.048
0.8719 304.0 0.049000002
0.8721 312.0 0.05
0.8721 312.0 0.049000002
0.872 312.0 0.048
0.872 312.0 0.047000002
0.872 312.0 0.046000004
0.8721 312.0 0.045
0.8719 312.0 0.044000003
0.8718 312.0 0.043
0.8719 312.0 0.042000003
0.8718 312.0 0.041
0.8718 312.0 0.040000003
0.8717 312.0 0.039
0.8713 312.0 0.038000003
0.8682 312.0 0.037
0.7116 312.0 0.036000002
0.7116 312.0 0.035
0.7116 312.0 0.034
0.2244 312.0 0.033
0.2244 312.0 0.032
0.2245 312.0 0.031000001
0.2245 312.0 0.030000001
0.2247 312.0 0.029000001
0.2247 312.0 0.028
0.2246 312.0 0.027
0.2246 312.0 0.026
0.2251 312.0 0.025
0.2251 312.0 0.024
0.225 312.0 0.023000002
0.225 312.0 0.022000002
0.2248 312.0 0.021000002
0.2248 312.0 0.020000001
0.2249 312.0 0.019000001
0.2249 312.0 0.018000001
0.2249 312.0 0.017
0.2249 312.0 0.016
0.2249 312.0 0.015000001
0.2249 312.0 0.014
0.225 312.0 0.013
0.225 312.0 0.012
0.225 312.0 0.011000001
0.225 312.0 0.010000001
0.225 312.0 0.009000001
0.2249 312.0 0.008
0.2249 312.0 0.007
0.2246 312.0 0.006
0.2246 312.0 0.0050000004
0.2246 312.0 0.004
0.2246 312.0 0.003
0.2229 312.0 0.002
0.2126 320.0 0.0
0.2198 320.0 0.001
0.2198 320.0 0.002
0.2244 320.0 0.003
0.2244 320.0 0.004
0.2255 320.0 0.0050000004
0.2255 320.0 0.006
0.2255 320.0 0.007
0.225 320.0 0.008
0.225 320.0 0.009000001
0.2255 320.0 0.010000001
0.2255 320.0 0.011000001
0.2254 320.0 0.012
0.2254 320.0 0.013
0.225 320.0 0.014
0.225 320.0 0.015000001
0.2249 320.0 0.016
0.2249 320.0 0.017
0.2251 320.0 0.018000001
0.2251 320.0 0.019000001
0.2257 320.0 0.020000001
0.2257 320.0 0.021000002
0.2253 320.0 0.022000002
0.2253 320.0 0.023000002
0.2251 320.0 0.024
0.2251 320.0 0.025
0.2255 320.0 0.026
0.2255 320.0 0.027
0.2251 320.0 0.028
0.2251 320.0 0.029000001
0.2258 320.0 0.030000001
0.2258 320.0 0.031000001
0.2253 320.0 0.032
0.2253 320.0 0.033
0.2253 320.0 0.034
0.225 320.0 0.035
0.8641 320.0 0.036000002
0.8719 320.0 0.037
0.8719 320.0 0.038000003
0.8718 320.0 0.039
0.8717 320.0 0.040000003
0.8719 320.0 0.041
0.872 320.0 0.042000003
0.8719 320.0 0.043
0.8721 320.0 0.044000003
0.872 320.0 0.045
0.8718 320.0 0.046000004
0.872 320.0 0.047000002
0.8721 320.0 0.048
0.8721 328.0 0.05
0.872 328.0 0.049000002
0.872 328.0 0.048
0.8722 328.0 0.047000002
0.8718 328.0 0.046000004
0.8721 328.0 0.045
0.872 328.0 0.044000003
0.8717 328.0 0.043
0.872 328.0 0.042000003
0.8719 328.0 0.041
0.8718 328.0 0.040000003
0.8718 328.0 0.039
0.8717 328.0 0.038000003
0.8689 328.0 0.037
0.726 328.0 0.036000002
0.726 328.0 0.035
0.726 328.0 0.034
0.2249 328.0 0.033
0.2249 328.0 0.032
0.2255 328.0 0.031000001
0.2255 328.0 0.030000001
0.2256 328.0 0.029000001
0.2256 328.0 0.028
0.2256 328.0 0.027
0.2256 328.0 0.026
0.2251 328.0 0.025
0.2251 328.0 0.024
0.2254 328.0 0.023000002
0.2254 328.0 0.022000002
0.2256 328.0 0.021000002
0.2256 328.0 0.020000001
0.226 328.0 0.019000001
0.226 328.0 0.018000001
0.2257 328.0 0.017
0.2257 328.0 0.016
0.2259 328.0 0.015000001
0.2259 328.0 0.014
0.2258 328.0 0.013
0.2258 328.0 0.012
0.2252 328.0 0.011000001
0.2252 328.0 0.010000001
0.2261 328.0 0.009000001
0.2261 328.0 0.008
0.225 328.0 0.007
0.225 328.0 0.006
0.2259 328.0 0.0050000004
0.2259 328.0 0.004
0.2248 328.0 0.003
0.2138 328.0 0.002
0.2077 328.0 0.001
0.2072 336.0 0.0
0.2179 336.0 0.001
0.2179 336.0 0.002
0.2253 336.0 0.003
0.2253 336.0 0.004
0.2261 336.0 0.0050000004
0.2261 336.0 0.006
0.2261 336.0 0.007
0.2261 336.0 0.008
0.2256 336.0 0.009000001
0.2259 336.0 0.010000001
0.2259 336.0 0.011000001
0.2263 336.0 0.012
0.2263 336.0 0.013
0.2261 336.0 0.014
0.2261 336.0 0.015000001
0.226 336.0 0.016
0.226 336.0 0.017
0.2262 336.0 0.018000001
0.2262 336.0 0.019000001
0.2262 336.0 0.020000001
0.2262 336.0 0.021000002
0.2261 336.0 0.022000002
0.2261 336.0 0.023000002
0.2258 336.0 0.024
0.2258 336.0 0.025
0.226 336.0 0.026
0.226 336.0 0.027
0.2262 336.0 0.028
0.2262 336.0 0.029000001
0.2262 336.0 0.030000001
0.2262 336.0 0.031000001
0.226 336.0 0.032
0.226 336.0 0.033
0.2254 336.0 0.034
0.2254 336.0 0.035
0.3802 336.0 0.036000002
0.8718 336.0 0.037
0.872 336.0 0.038000003
0.8718 336.0 0.039
0.8716 336.0 0.040000003
0.872 336.0 0.041
0.872 336.0 0.042000003
0.8721 336.0 0.043
0.8723 336.0 0.044000003
0.8718 336.0 0.045
0.872 336.0 0.046000004
0.8719 336.0 0.047000002
0.8719 336.0 0.048
0.872 344.0 0.05
0.872 344.0 0.049000002
0.872 344.0 0.048
0.8719 344.0 0.047000002
0.872 344.0 0.046000004
0.8719 344.0 0.045
0.8721 344.0 0.044000003
0.8719 344.0 0.043
0.872 344.0 0.042000003
0.8717 344.0 0.041
0.8717 344.0 0.040000003
0.8719 344.0 0.039
0.8711 344.0 0.038000003
0.867 344.0 0.037
0.867 344.0 0.036000002
0.867 344.0 0.035
0.867 344.0 0.034
0.2261 344.0 0.033
0.2267 344.0 0.032
0.2267 344.0 0.031000001
0.2267 344.0 0.030000001
0.2265 344.0 0.029000001
0.2265 344.0 0.028
0.2266 344.0 0.027
0.2266 344.0 0.026
0.2264 344.0 0.025
0.2264 344.0 0.024
0.2263 344.0 0.023000002
0.2263 344.0 0.022000002
0.2264 344.0 0.021000002
0.2264 344.0 0.020000001
0.2268 344.0 0.019000001
0.2268 344.0 0.018000001
0.2263 344.0 0.017
0.2263 344.0 0.016
0.2262 344.0 0.015000001
0.2262 344.0 0.014
0.2263 344.0 0.013
0.2263 344.0 0.012
0.2266 344.0 0.011000001
0.2266 344.0 0.010000001
0.2265 344.0 0.009000001
0.2265 344.0 0.008
0.2262 344.0 0.007
0.2262 344.0 0.006
0.2263 344.0 0.0050000004
0.2263 344.0 0.004
0.2253 344.0 0.003
0.2253 344.0 0.002
0.2115 344.0 0.001
